76,260
77,260
77,261
78,262
79,263
81,264
83,265
84,267
87,268
90,271
94,274
98,277
104,281
109,284
117,289
124,294
131,299
138,302
145,307
154,312
161,314
168,318
174,320
179,322
184,324
190,327
195,329
201,331
206,333
211,335
217,337
220,338
223,340
227,342
230,344
233,346
235,348
237,348
239,349
240,350
242,351
243,351
244,352
245,352
246,352
247,352
248,352
248,352
249,352
250,352
250,352
251,352
251,351
251,351
251,350
251,349
251,349
251,348
251,347
251,346
251,346
253,345
254,345
260,345
270,348
280,350
292,351
305,354
318,357
332,359
350,362
372,365
395,367
419,367
451,367
492,373
530,379
565,387
600,392
631,398
667,406
695,411
723,416
752,422
777,427
802,432
821,435
835,436
848,437
859,437
871,437
883,437
895,437
907,437
918,437
931,437
944,437
955,437
966,437
976,437
986,437
995,437
1003,437
1010,437
1016,437
1020,437
1023,437
1026,437
1028,437
1028,437
1030,437
1030,437
1032,437
1033,437
1035,437
1036,436
1036,436
1039,435
1040,434
1042,434
1043,433
1043,432
1043,431
1043,430
1044,429
1044,428
1044,426
1044,425
1044,422
1044,421
1044,419
1044,417
1044,414
1044,412
1044,410
1044,406
1044,405
1044,402
1044,400
1044,398
1044,396
1044,394
1044,392
1044,390
1044,388
1044,387
1044,385
1044,384
1044,381
1045,380
1045,379
1045,378
1046,377
1047,375
1047,373
1047,373
1047,372
1048,371
1048,370
1049,369
1050,368
1051,367
1052,366
1053,365
1053,365
1056,365
1056,365
1058,365
1059,365
1062,364
1063,364
1066,364
1070,363
1072,362
1075,361
1077,361
1081,361
1085,361
1087,361
1091,361
1094,361
1097,361
1100,361
1101,361
1102,361
1103,361
1104,361
1105,361
1106,360
1107,360
1107,360
1108,360
1109,360
1109,360
1110,360
1111,360
1112,360
1112,360
1113,360
1114,360
1114,360
1115,360
1116,360
1116,360
1117,360
1118,360
1118,360
1119,360
1120,360
1121,360
1123,359
1123,358
1124,358
1125,357
1125,356
